{
 "cells": [
  {
   "cell_type": "markdown",
   "metadata": {},
   "source": [
    "# Framingham Heart Study\n",
    "- The study had included cardiovascular diseases risk factors such as:\n",
    "  - Blood pressure \n",
    "  - Smoking history \n",
    "  - Health measurements\n",
    "  - Medication use\n",
    "\n",
    "- The incidence/outcome are measured and recorded in the dataset:\n",
    "   - 10 year risk of CHD\n",
    "\n",
    "## Project Objectives\n",
    "1. Data Cleaning\n",
    "   - Examine for missing data\n",
    "   - Examine Outlier\n",
    "\n",
    "2. Conduct Exploratory Data Analysis\n",
    "   - Explore the relationship between each of the risk factors with the respective outcomes observed \n",
    "   - Comparing data from Day 0 to Last period of measure to see if there's any outcome difference\n",
    "\n",
    "3. Conduct Regression Analysis\n",
    "   - Determine what type of regression analysis to be conducted. \n",
    "\n",
    "4. Creating a ML model using the train dataset\n",
    "   - Create model based on variables examine to be correlated\n",
    "   - Fine tune model \n",
    "   - Determine if dataset needs to be balanced \n",
    "  * https://towardsdatascience.com/machine-learning-target-feature-label-imbalance-problem-and-solutions-98c5ae89ad0#9eeb\n",
    "  \n",
    "5. Testing model to determine accuracy of model from train dateset"
   ]
  },
  {
   "cell_type": "code",
   "execution_count": 3,
   "metadata": {},
   "outputs": [],
   "source": [
    "import numpy as np\n",
    "import pandas as pd\n",
    "import seaborn as sns\n",
    "import matplotlib.pyplot as plt\n",
    "import pandas_profiling as pr\n",
    "from sklearn.model_selection import train_test_split\n",
    "from sklearn.linear_model import LogisticRegression"
   ]
  },
  {
   "cell_type": "markdown",
   "metadata": {},
   "source": [
    "##Viewing Dataset"
   ]
  },
  {
   "cell_type": "code",
   "execution_count": 5,
   "metadata": {},
   "outputs": [
    {
     "name": "stdout",
     "output_type": "stream",
     "text": [
      "<class 'pandas.core.frame.DataFrame'>\n",
      "RangeIndex: 4240 entries, 0 to 4239\n",
      "Data columns (total 16 columns):\n",
      " #   Column           Non-Null Count  Dtype  \n",
      "---  ------           --------------  -----  \n",
      " 0   male             4240 non-null   int64  \n",
      " 1   age              4240 non-null   int64  \n",
      " 2   education        4135 non-null   float64\n",
      " 3   currentSmoker    4240 non-null   int64  \n",
      " 4   cigsPerDay       4211 non-null   float64\n",
      " 5   BPMeds           4187 non-null   float64\n",
      " 6   prevalentStroke  4240 non-null   int64  \n",
      " 7   prevalentHyp     4240 non-null   int64  \n",
      " 8   diabetes         4240 non-null   int64  \n",
      " 9   totChol          4190 non-null   float64\n",
      " 10  sysBP            4240 non-null   float64\n",
      " 11  diaBP            4240 non-null   float64\n",
      " 12  BMI              4221 non-null   float64\n",
      " 13  heartRate        4239 non-null   float64\n",
      " 14  glucose          3852 non-null   float64\n",
      " 15  TenYearCHD       4240 non-null   int64  \n",
      "dtypes: float64(9), int64(7)\n",
      "memory usage: 530.1 KB\n"
     ]
    },
    {
     "data": {
      "text/plain": [
       "male                 0\n",
       "age                  0\n",
       "education          105\n",
       "currentSmoker        0\n",
       "cigsPerDay          29\n",
       "BPMeds              53\n",
       "prevalentStroke      0\n",
       "prevalentHyp         0\n",
       "diabetes             0\n",
       "totChol             50\n",
       "sysBP                0\n",
       "diaBP                0\n",
       "BMI                 19\n",
       "heartRate            1\n",
       "glucose            388\n",
       "TenYearCHD           0\n",
       "dtype: int64"
      ]
     },
     "execution_count": 5,
     "metadata": {},
     "output_type": "execute_result"
    }
   ],
   "source": [
    "df = pd.read_csv('D:\\Dropbox\\PythonProjects\\pythonprojects\\Heart Study (Cohort)\\subset.txt') #on windows\n",
    "# df = pd.read_csv('/Users/mba/Desktop/pythonprojects/Heart Study (Cohort)/subset.txt') #on mac\n",
    "\n",
    "\n",
    "df.info()\n",
    "df.columns\n",
    "df.isnull().sum()"
   ]
  },
  {
   "cell_type": "code",
   "execution_count": null,
   "metadata": {},
   "outputs": [],
   "source": [
    "%matplotlib inline\n",
    "genderpairs= sns.pairplot(df, hue=\"male\")\n",
    "genderpairs"
   ]
  },
  {
   "cell_type": "code",
   "execution_count": null,
   "metadata": {},
   "outputs": [],
   "source": [
    "%matplotlib inline\n",
    "pairs= sns.pairplot(df)\n",
    "pairs.map_lower(sns.kdeplot, levels=4, color=\".2\")"
   ]
  },
  {
   "cell_type": "code",
   "execution_count": 8,
   "metadata": {},
   "outputs": [
    {
     "data": {
      "text/html": [
       "<div>\n",
       "<style scoped>\n",
       "    .dataframe tbody tr th:only-of-type {\n",
       "        vertical-align: middle;\n",
       "    }\n",
       "\n",
       "    .dataframe tbody tr th {\n",
       "        vertical-align: top;\n",
       "    }\n",
       "\n",
       "    .dataframe thead th {\n",
       "        text-align: right;\n",
       "    }\n",
       "</style>\n",
       "<table border=\"1\" class=\"dataframe\">\n",
       "  <thead>\n",
       "    <tr style=\"text-align: right;\">\n",
       "      <th></th>\n",
       "      <th>male</th>\n",
       "      <th>age</th>\n",
       "      <th>education</th>\n",
       "      <th>currentSmoker</th>\n",
       "      <th>cigsPerDay</th>\n",
       "      <th>BPMeds</th>\n",
       "      <th>prevalentStroke</th>\n",
       "      <th>prevalentHyp</th>\n",
       "      <th>diabetes</th>\n",
       "      <th>totChol</th>\n",
       "      <th>sysBP</th>\n",
       "      <th>diaBP</th>\n",
       "      <th>BMI</th>\n",
       "      <th>heartRate</th>\n",
       "      <th>glucose</th>\n",
       "      <th>TenYearCHD</th>\n",
       "    </tr>\n",
       "  </thead>\n",
       "  <tbody>\n",
       "    <tr>\n",
       "      <th>male</th>\n",
       "      <td>1.000000</td>\n",
       "      <td>-0.029014</td>\n",
       "      <td>0.017415</td>\n",
       "      <td>0.197026</td>\n",
       "      <td>0.317143</td>\n",
       "      <td>-0.052504</td>\n",
       "      <td>-0.004550</td>\n",
       "      <td>0.005853</td>\n",
       "      <td>0.015693</td>\n",
       "      <td>-0.070413</td>\n",
       "      <td>-0.035879</td>\n",
       "      <td>0.058199</td>\n",
       "      <td>0.081871</td>\n",
       "      <td>-0.116932</td>\n",
       "      <td>0.005979</td>\n",
       "      <td>0.088374</td>\n",
       "    </tr>\n",
       "    <tr>\n",
       "      <th>age</th>\n",
       "      <td>-0.029014</td>\n",
       "      <td>1.000000</td>\n",
       "      <td>-0.166356</td>\n",
       "      <td>-0.213662</td>\n",
       "      <td>-0.192959</td>\n",
       "      <td>0.123052</td>\n",
       "      <td>0.057679</td>\n",
       "      <td>0.306799</td>\n",
       "      <td>0.101314</td>\n",
       "      <td>0.262554</td>\n",
       "      <td>0.394053</td>\n",
       "      <td>0.205586</td>\n",
       "      <td>0.136096</td>\n",
       "      <td>-0.012843</td>\n",
       "      <td>0.122356</td>\n",
       "      <td>0.225408</td>\n",
       "    </tr>\n",
       "    <tr>\n",
       "      <th>education</th>\n",
       "      <td>0.017415</td>\n",
       "      <td>-0.166356</td>\n",
       "      <td>1.000000</td>\n",
       "      <td>0.018528</td>\n",
       "      <td>0.008323</td>\n",
       "      <td>-0.010898</td>\n",
       "      <td>-0.035142</td>\n",
       "      <td>-0.081726</td>\n",
       "      <td>-0.038749</td>\n",
       "      <td>-0.023613</td>\n",
       "      <td>-0.129496</td>\n",
       "      <td>-0.061919</td>\n",
       "      <td>-0.137747</td>\n",
       "      <td>-0.054182</td>\n",
       "      <td>-0.035843</td>\n",
       "      <td>-0.054248</td>\n",
       "    </tr>\n",
       "    <tr>\n",
       "      <th>currentSmoker</th>\n",
       "      <td>0.197026</td>\n",
       "      <td>-0.213662</td>\n",
       "      <td>0.018528</td>\n",
       "      <td>1.000000</td>\n",
       "      <td>0.769774</td>\n",
       "      <td>-0.048927</td>\n",
       "      <td>-0.032980</td>\n",
       "      <td>-0.103710</td>\n",
       "      <td>-0.044285</td>\n",
       "      <td>-0.046488</td>\n",
       "      <td>-0.130281</td>\n",
       "      <td>-0.107933</td>\n",
       "      <td>-0.167857</td>\n",
       "      <td>0.062686</td>\n",
       "      <td>-0.056726</td>\n",
       "      <td>0.019448</td>\n",
       "    </tr>\n",
       "    <tr>\n",
       "      <th>cigsPerDay</th>\n",
       "      <td>0.317143</td>\n",
       "      <td>-0.192959</td>\n",
       "      <td>0.008323</td>\n",
       "      <td>0.769774</td>\n",
       "      <td>1.000000</td>\n",
       "      <td>-0.046155</td>\n",
       "      <td>-0.032711</td>\n",
       "      <td>-0.066645</td>\n",
       "      <td>-0.037089</td>\n",
       "      <td>-0.026479</td>\n",
       "      <td>-0.088797</td>\n",
       "      <td>-0.056715</td>\n",
       "      <td>-0.093293</td>\n",
       "      <td>0.075564</td>\n",
       "      <td>-0.058886</td>\n",
       "      <td>0.057755</td>\n",
       "    </tr>\n",
       "    <tr>\n",
       "      <th>BPMeds</th>\n",
       "      <td>-0.052504</td>\n",
       "      <td>0.123052</td>\n",
       "      <td>-0.010898</td>\n",
       "      <td>-0.048927</td>\n",
       "      <td>-0.046155</td>\n",
       "      <td>1.000000</td>\n",
       "      <td>0.117370</td>\n",
       "      <td>0.261067</td>\n",
       "      <td>0.052060</td>\n",
       "      <td>0.080623</td>\n",
       "      <td>0.254194</td>\n",
       "      <td>0.194122</td>\n",
       "      <td>0.100702</td>\n",
       "      <td>0.015230</td>\n",
       "      <td>0.051197</td>\n",
       "      <td>0.087519</td>\n",
       "    </tr>\n",
       "    <tr>\n",
       "      <th>prevalentStroke</th>\n",
       "      <td>-0.004550</td>\n",
       "      <td>0.057679</td>\n",
       "      <td>-0.035142</td>\n",
       "      <td>-0.032980</td>\n",
       "      <td>-0.032711</td>\n",
       "      <td>0.117370</td>\n",
       "      <td>1.000000</td>\n",
       "      <td>0.074791</td>\n",
       "      <td>0.006955</td>\n",
       "      <td>0.000105</td>\n",
       "      <td>0.057000</td>\n",
       "      <td>0.045153</td>\n",
       "      <td>0.025909</td>\n",
       "      <td>-0.017674</td>\n",
       "      <td>0.018440</td>\n",
       "      <td>0.061823</td>\n",
       "    </tr>\n",
       "    <tr>\n",
       "      <th>prevalentHyp</th>\n",
       "      <td>0.005853</td>\n",
       "      <td>0.306799</td>\n",
       "      <td>-0.081726</td>\n",
       "      <td>-0.103710</td>\n",
       "      <td>-0.066645</td>\n",
       "      <td>0.261067</td>\n",
       "      <td>0.074791</td>\n",
       "      <td>1.000000</td>\n",
       "      <td>0.077752</td>\n",
       "      <td>0.163632</td>\n",
       "      <td>0.696656</td>\n",
       "      <td>0.615840</td>\n",
       "      <td>0.301344</td>\n",
       "      <td>0.146815</td>\n",
       "      <td>0.086656</td>\n",
       "      <td>0.177458</td>\n",
       "    </tr>\n",
       "    <tr>\n",
       "      <th>diabetes</th>\n",
       "      <td>0.015693</td>\n",
       "      <td>0.101314</td>\n",
       "      <td>-0.038749</td>\n",
       "      <td>-0.044285</td>\n",
       "      <td>-0.037089</td>\n",
       "      <td>0.052060</td>\n",
       "      <td>0.006955</td>\n",
       "      <td>0.077752</td>\n",
       "      <td>1.000000</td>\n",
       "      <td>0.040348</td>\n",
       "      <td>0.111265</td>\n",
       "      <td>0.050260</td>\n",
       "      <td>0.087068</td>\n",
       "      <td>0.048986</td>\n",
       "      <td>0.617630</td>\n",
       "      <td>0.097344</td>\n",
       "    </tr>\n",
       "    <tr>\n",
       "      <th>totChol</th>\n",
       "      <td>-0.070413</td>\n",
       "      <td>0.262554</td>\n",
       "      <td>-0.023613</td>\n",
       "      <td>-0.046488</td>\n",
       "      <td>-0.026479</td>\n",
       "      <td>0.080623</td>\n",
       "      <td>0.000105</td>\n",
       "      <td>0.163632</td>\n",
       "      <td>0.040348</td>\n",
       "      <td>1.000000</td>\n",
       "      <td>0.208734</td>\n",
       "      <td>0.164698</td>\n",
       "      <td>0.115992</td>\n",
       "      <td>0.091127</td>\n",
       "      <td>0.046538</td>\n",
       "      <td>0.082369</td>\n",
       "    </tr>\n",
       "    <tr>\n",
       "      <th>sysBP</th>\n",
       "      <td>-0.035879</td>\n",
       "      <td>0.394053</td>\n",
       "      <td>-0.129496</td>\n",
       "      <td>-0.130281</td>\n",
       "      <td>-0.088797</td>\n",
       "      <td>0.254194</td>\n",
       "      <td>0.057000</td>\n",
       "      <td>0.696656</td>\n",
       "      <td>0.111265</td>\n",
       "      <td>0.208734</td>\n",
       "      <td>1.000000</td>\n",
       "      <td>0.783952</td>\n",
       "      <td>0.326906</td>\n",
       "      <td>0.182155</td>\n",
       "      <td>0.140573</td>\n",
       "      <td>0.216374</td>\n",
       "    </tr>\n",
       "    <tr>\n",
       "      <th>diaBP</th>\n",
       "      <td>0.058199</td>\n",
       "      <td>0.205586</td>\n",
       "      <td>-0.061919</td>\n",
       "      <td>-0.107933</td>\n",
       "      <td>-0.056715</td>\n",
       "      <td>0.194122</td>\n",
       "      <td>0.045153</td>\n",
       "      <td>0.615840</td>\n",
       "      <td>0.050260</td>\n",
       "      <td>0.164698</td>\n",
       "      <td>0.783952</td>\n",
       "      <td>1.000000</td>\n",
       "      <td>0.377360</td>\n",
       "      <td>0.181021</td>\n",
       "      <td>0.061075</td>\n",
       "      <td>0.145112</td>\n",
       "    </tr>\n",
       "    <tr>\n",
       "      <th>BMI</th>\n",
       "      <td>0.081871</td>\n",
       "      <td>0.136096</td>\n",
       "      <td>-0.137747</td>\n",
       "      <td>-0.167857</td>\n",
       "      <td>-0.093293</td>\n",
       "      <td>0.100702</td>\n",
       "      <td>0.025909</td>\n",
       "      <td>0.301344</td>\n",
       "      <td>0.087068</td>\n",
       "      <td>0.115992</td>\n",
       "      <td>0.326906</td>\n",
       "      <td>0.377360</td>\n",
       "      <td>1.000000</td>\n",
       "      <td>0.067451</td>\n",
       "      <td>0.087389</td>\n",
       "      <td>0.075300</td>\n",
       "    </tr>\n",
       "    <tr>\n",
       "      <th>heartRate</th>\n",
       "      <td>-0.116932</td>\n",
       "      <td>-0.012843</td>\n",
       "      <td>-0.054182</td>\n",
       "      <td>0.062686</td>\n",
       "      <td>0.075564</td>\n",
       "      <td>0.015230</td>\n",
       "      <td>-0.017674</td>\n",
       "      <td>0.146815</td>\n",
       "      <td>0.048986</td>\n",
       "      <td>0.091127</td>\n",
       "      <td>0.182155</td>\n",
       "      <td>0.181021</td>\n",
       "      <td>0.067451</td>\n",
       "      <td>1.000000</td>\n",
       "      <td>0.094546</td>\n",
       "      <td>0.022907</td>\n",
       "    </tr>\n",
       "    <tr>\n",
       "      <th>glucose</th>\n",
       "      <td>0.005979</td>\n",
       "      <td>0.122356</td>\n",
       "      <td>-0.035843</td>\n",
       "      <td>-0.056726</td>\n",
       "      <td>-0.058886</td>\n",
       "      <td>0.051197</td>\n",
       "      <td>0.018440</td>\n",
       "      <td>0.086656</td>\n",
       "      <td>0.617630</td>\n",
       "      <td>0.046538</td>\n",
       "      <td>0.140573</td>\n",
       "      <td>0.061075</td>\n",
       "      <td>0.087389</td>\n",
       "      <td>0.094546</td>\n",
       "      <td>1.000000</td>\n",
       "      <td>0.125590</td>\n",
       "    </tr>\n",
       "    <tr>\n",
       "      <th>TenYearCHD</th>\n",
       "      <td>0.088374</td>\n",
       "      <td>0.225408</td>\n",
       "      <td>-0.054248</td>\n",
       "      <td>0.019448</td>\n",
       "      <td>0.057755</td>\n",
       "      <td>0.087519</td>\n",
       "      <td>0.061823</td>\n",
       "      <td>0.177458</td>\n",
       "      <td>0.097344</td>\n",
       "      <td>0.082369</td>\n",
       "      <td>0.216374</td>\n",
       "      <td>0.145112</td>\n",
       "      <td>0.075300</td>\n",
       "      <td>0.022907</td>\n",
       "      <td>0.125590</td>\n",
       "      <td>1.000000</td>\n",
       "    </tr>\n",
       "  </tbody>\n",
       "</table>\n",
       "</div>"
      ],
      "text/plain": [
       "                     male       age  education  currentSmoker  cigsPerDay  \\\n",
       "male             1.000000 -0.029014   0.017415       0.197026    0.317143   \n",
       "age             -0.029014  1.000000  -0.166356      -0.213662   -0.192959   \n",
       "education        0.017415 -0.166356   1.000000       0.018528    0.008323   \n",
       "currentSmoker    0.197026 -0.213662   0.018528       1.000000    0.769774   \n",
       "cigsPerDay       0.317143 -0.192959   0.008323       0.769774    1.000000   \n",
       "BPMeds          -0.052504  0.123052  -0.010898      -0.048927   -0.046155   \n",
       "prevalentStroke -0.004550  0.057679  -0.035142      -0.032980   -0.032711   \n",
       "prevalentHyp     0.005853  0.306799  -0.081726      -0.103710   -0.066645   \n",
       "diabetes         0.015693  0.101314  -0.038749      -0.044285   -0.037089   \n",
       "totChol         -0.070413  0.262554  -0.023613      -0.046488   -0.026479   \n",
       "sysBP           -0.035879  0.394053  -0.129496      -0.130281   -0.088797   \n",
       "diaBP            0.058199  0.205586  -0.061919      -0.107933   -0.056715   \n",
       "BMI              0.081871  0.136096  -0.137747      -0.167857   -0.093293   \n",
       "heartRate       -0.116932 -0.012843  -0.054182       0.062686    0.075564   \n",
       "glucose          0.005979  0.122356  -0.035843      -0.056726   -0.058886   \n",
       "TenYearCHD       0.088374  0.225408  -0.054248       0.019448    0.057755   \n",
       "\n",
       "                   BPMeds  prevalentStroke  prevalentHyp  diabetes   totChol  \\\n",
       "male            -0.052504        -0.004550      0.005853  0.015693 -0.070413   \n",
       "age              0.123052         0.057679      0.306799  0.101314  0.262554   \n",
       "education       -0.010898        -0.035142     -0.081726 -0.038749 -0.023613   \n",
       "currentSmoker   -0.048927        -0.032980     -0.103710 -0.044285 -0.046488   \n",
       "cigsPerDay      -0.046155        -0.032711     -0.066645 -0.037089 -0.026479   \n",
       "BPMeds           1.000000         0.117370      0.261067  0.052060  0.080623   \n",
       "prevalentStroke  0.117370         1.000000      0.074791  0.006955  0.000105   \n",
       "prevalentHyp     0.261067         0.074791      1.000000  0.077752  0.163632   \n",
       "diabetes         0.052060         0.006955      0.077752  1.000000  0.040348   \n",
       "totChol          0.080623         0.000105      0.163632  0.040348  1.000000   \n",
       "sysBP            0.254194         0.057000      0.696656  0.111265  0.208734   \n",
       "diaBP            0.194122         0.045153      0.615840  0.050260  0.164698   \n",
       "BMI              0.100702         0.025909      0.301344  0.087068  0.115992   \n",
       "heartRate        0.015230        -0.017674      0.146815  0.048986  0.091127   \n",
       "glucose          0.051197         0.018440      0.086656  0.617630  0.046538   \n",
       "TenYearCHD       0.087519         0.061823      0.177458  0.097344  0.082369   \n",
       "\n",
       "                    sysBP     diaBP       BMI  heartRate   glucose  TenYearCHD  \n",
       "male            -0.035879  0.058199  0.081871  -0.116932  0.005979    0.088374  \n",
       "age              0.394053  0.205586  0.136096  -0.012843  0.122356    0.225408  \n",
       "education       -0.129496 -0.061919 -0.137747  -0.054182 -0.035843   -0.054248  \n",
       "currentSmoker   -0.130281 -0.107933 -0.167857   0.062686 -0.056726    0.019448  \n",
       "cigsPerDay      -0.088797 -0.056715 -0.093293   0.075564 -0.058886    0.057755  \n",
       "BPMeds           0.254194  0.194122  0.100702   0.015230  0.051197    0.087519  \n",
       "prevalentStroke  0.057000  0.045153  0.025909  -0.017674  0.018440    0.061823  \n",
       "prevalentHyp     0.696656  0.615840  0.301344   0.146815  0.086656    0.177458  \n",
       "diabetes         0.111265  0.050260  0.087068   0.048986  0.617630    0.097344  \n",
       "totChol          0.208734  0.164698  0.115992   0.091127  0.046538    0.082369  \n",
       "sysBP            1.000000  0.783952  0.326906   0.182155  0.140573    0.216374  \n",
       "diaBP            0.783952  1.000000  0.377360   0.181021  0.061075    0.145112  \n",
       "BMI              0.326906  0.377360  1.000000   0.067451  0.087389    0.075300  \n",
       "heartRate        0.182155  0.181021  0.067451   1.000000  0.094546    0.022907  \n",
       "glucose          0.140573  0.061075  0.087389   0.094546  1.000000    0.125590  \n",
       "TenYearCHD       0.216374  0.145112  0.075300   0.022907  0.125590    1.000000  "
      ]
     },
     "execution_count": 8,
     "metadata": {},
     "output_type": "execute_result"
    }
   ],
   "source": [
    "df.corr()"
   ]
  },
  {
   "cell_type": "markdown",
   "metadata": {},
   "source": [
    "## Imputing Dataset\n",
    "Missing Data are found in the following variables: education, cigsPerDay, BPMeds, totChol, BMI, heartRate and glucose\n",
    "\n",
    "- When grouped by Age - totChol, BMI, cigsPday and glucose have correlation. We will be imputing the values by taking the median of the data that is grouped by age for the missing values of, totChol BMI and Glucose. This might not be the best method of imputable and should be explored further in the future to determine the best method in imputing data. \n",
    "- For cigsPday median will have addtional gender variable added as it is observed that the gender has an influence in the number of cigpday.\n",
    "- For heart rate - sysBP seems to have some relationship. The median of the HR will be imputed based on the sysBP.\n",
    "- Education and BPmeds doesn't not exhibit any correlation with any variables and are hard to impute without the risk of producing unrelated data. Thus these observations will be dropped from the dataset.\n"
   ]
  },
  {
   "cell_type": "code",
   "execution_count": 6,
   "metadata": {},
   "outputs": [],
   "source": [
    "def imputemedian(x):\n",
    "    return x.fillna(x.median())"
   ]
  },
  {
   "cell_type": "code",
   "execution_count": 7,
   "metadata": {},
   "outputs": [
    {
     "data": {
      "text/plain": [
       "male               0\n",
       "age                0\n",
       "education          0\n",
       "currentSmoker      0\n",
       "cigsPerDay         0\n",
       "BPMeds             0\n",
       "prevalentStroke    0\n",
       "prevalentHyp       0\n",
       "diabetes           0\n",
       "totChol            0\n",
       "sysBP              0\n",
       "diaBP              0\n",
       "BMI                0\n",
       "heartRate          0\n",
       "glucose            0\n",
       "TenYearCHD         0\n",
       "dtype: int64"
      ]
     },
     "execution_count": 7,
     "metadata": {},
     "output_type": "execute_result"
    }
   ],
   "source": [
    "## Imputing and Removing Outliers\n",
    "dft = df.copy()\n",
    "\n",
    "agegroup = dft.groupby(['age'])\n",
    "genderagegroup = dft.groupby(['male','age'])\n",
    "bpgroup = dft.groupby(['sysBP'])\n",
    "\n",
    "dft.totChol = agegroup['totChol'].transform(imputemedian)\n",
    "dft.glucose = agegroup['glucose'].transform(imputemedian)\n",
    "dft.BMI = agegroup['BMI'].transform(imputemedian)\n",
    "dft.cigsPerDay = genderagegroup['cigsPerDay'].transform(imputemedian)\n",
    "dft.heartRate = bpgroup['heartRate'].transform(imputemedian)\n",
    "\n",
    "dft.dropna(inplace=True)\n",
    "dft.isnull().sum()"
   ]
  },
  {
   "cell_type": "code",
   "execution_count": null,
   "metadata": {},
   "outputs": [],
   "source": [
    "##Looking for Outliers in continuous data\n",
    "%matplotlib inline\n",
    "dftcont = dft[['cigsPerDay', 'totChol', 'sysBP', 'diaBP', 'BMI', 'heartRate', 'glucose']]\n",
    "\n",
    "fig, ax = plt.subplots(ncols=1, nrows=7, figsize = (12,12), constrained_layout=True)\n",
    "\n",
    "for x in range(len(dftcont.columns)):\n",
    "\n",
    "    ax= plt.subplot(7,1, x+1)\n",
    "    plt.boxplot(dftcont.iloc[:,x], vert=False)\n",
    "    ax.set_title(dftcont.columns[x])\n",
    "    \n",
    "plt.show() \n"
   ]
  },
  {
   "cell_type": "markdown",
   "metadata": {},
   "source": [
    "Based on the boxplot an extreme value of 600 was observed for totChol and that may not help to represent the population and will manipulate the overall distribution and mean of the data hence that observation will also be dropped from the analysis."
   ]
  },
  {
   "cell_type": "code",
   "execution_count": 8,
   "metadata": {},
   "outputs": [],
   "source": [
    "#Spliting data set into train and test set\n",
    "x_train, x_test, y_train, y_test = train_test_split(dft.iloc[:,:-1], dft.iloc[:,-1], test_size=0.33, random_state=42)\n",
    "\n",
    "\n",
    "x_train_cont = x_train[['cigsPerDay', 'totChol', 'sysBP', 'diaBP', 'BMI', 'heartRate', 'glucose']]\n"
   ]
  },
  {
   "cell_type": "code",
   "execution_count": null,
   "metadata": {},
   "outputs": [],
   "source": [
    "%matplotlib inline\n",
    "sns.pairplot(x_train_cont)"
   ]
  },
  {
   "cell_type": "code",
   "execution_count": null,
   "metadata": {},
   "outputs": [],
   "source": [
    "mask = np.zeros_like(dftcont.corr())\n",
    "mask[np.triu_indices_from(mask)] = True\n",
    "fig = plt.figure(constrained_layout=True)\n",
    "\n",
    "with sns.axes_style('white'):\n",
    "        f, ax = plt.subplots(figsize=(7,5))\n",
    "        ax = sns.heatmap(dftcont.corr(), mask=mask, vmax =.3, square = True, cmap= sns.diverging_palette(10,220, as_cmap=True))\n",
    "        plt.title(\"Correlation Matrix Heatmap for Continuous Variable\")\n",
    "        plt.show() "
   ]
  },
  {
   "cell_type": "code",
   "execution_count": 9,
   "metadata": {},
   "outputs": [
    {
     "name": "stdout",
     "output_type": "stream",
     "text": [
      "                       W  pval  normal\n",
      "cigsPerDay  12394.183745   0.0   False\n",
      "                      W           pval  normal\n",
      "cigsPerDay   491.124128  2.258139e-107   False\n",
      "totChol      144.505856   4.177843e-32   False\n",
      "sysBP        496.578844  1.476638e-108   False\n",
      "diaBP        269.623546   2.831333e-59   False\n",
      "BMI          511.001027  1.090277e-111   False\n",
      "heartRate    221.334738   8.665076e-49   False\n",
      "glucose     3258.909915   0.000000e+00   False\n"
     ]
    }
   ],
   "source": [
    "## Cheking for Normality\n",
    "import pingouin as pg\n",
    "\n",
    "print(pg.normality(np.log((x_train_cont.cigsPerDay)+1), method='normaltest'))\n",
    "print(pg.normality(x_train_cont.iloc[:,0:], method='normaltest'))"
   ]
  },
  {
   "cell_type": "code",
   "execution_count": 17,
   "metadata": {},
   "outputs": [
    {
     "name": "stdout",
     "output_type": "stream",
     "text": [
      "<class 'pandas.core.frame.DataFrame'>\n",
      "Int64Index: 2734 entries, 1819 to 3300\n",
      "Data columns (total 15 columns):\n",
      " #   Column           Non-Null Count  Dtype  \n",
      "---  ------           --------------  -----  \n",
      " 0   male             2734 non-null   int64  \n",
      " 1   age              2734 non-null   int64  \n",
      " 2   education        2734 non-null   float64\n",
      " 3   currentSmoker    2734 non-null   int64  \n",
      " 4   cigsPerDay       2734 non-null   float64\n",
      " 5   BPMeds           2734 non-null   float64\n",
      " 6   prevalentStroke  2734 non-null   int64  \n",
      " 7   prevalentHyp     2734 non-null   int64  \n",
      " 8   diabetes         2734 non-null   int64  \n",
      " 9   totChol          2734 non-null   float64\n",
      " 10  sysBP            2734 non-null   float64\n",
      " 11  diaBP            2734 non-null   float64\n",
      " 12  BMI              2734 non-null   float64\n",
      " 13  heartRate        2734 non-null   float64\n",
      " 14  glucose          2734 non-null   float64\n",
      "dtypes: float64(9), int64(6)\n",
      "memory usage: 341.8 KB\n"
     ]
    }
   ],
   "source": [
    "x_train.info()"
   ]
  },
  {
   "cell_type": "markdown",
   "metadata": {},
   "source": [
    "As observed by Shapiro normality test, the variables does not have a normal distribution.  "
   ]
  },
  {
   "cell_type": "code",
   "execution_count": 10,
   "metadata": {},
   "outputs": [
    {
     "data": {
      "text/plain": [
       "(prevalentHyp            0           1\n",
       " male                                 \n",
       " 0             1062.986467  502.013533\n",
       " 1              794.013533  374.986467,\n",
       " prevalentHyp       0      1\n",
       " male                       \n",
       " 0             1063.5  501.5\n",
       " 1              793.5  375.5,\n",
       "                  test    lambda      chi2  dof      pval    cramer     power\n",
       " 0             pearson  1.000000  0.001809  1.0  0.966076  0.000813  0.050207\n",
       " 1        cressie-read  0.666667  0.001809  1.0  0.966076  0.000813  0.050207\n",
       " 2      log-likelihood  0.000000  0.001809  1.0  0.966077  0.000813  0.050207\n",
       " 3       freeman-tukey -0.500000  0.001809  1.0  0.966078  0.000813  0.050207\n",
       " 4  mod-log-likelihood -1.000000  0.001809  1.0  0.966078  0.000813  0.050207\n",
       " 5              neyman -2.000000  0.001808  1.0  0.966079  0.000813  0.050207)"
      ]
     },
     "execution_count": 10,
     "metadata": {},
     "output_type": "execute_result"
    }
   ],
   "source": [
    "## Chi-Sq test on Gender Vs TenYearCHD           \n",
    "chisqtest= pd.concat([x_train.loc[:,('male', 'BPMeds', 'prevalentStroke', 'prevalentHyp','diabetes')], y_train], axis=1)\n",
    "chisqtest\n",
    "pg.chi2_independence(data= chisqtest, x='male', y='TenYearCHD')\n",
    "pg.chi2_independence(data= chisqtest, x='male', y='prevalentStroke')\n",
    "pg.chi2_independence(data= chisqtest, x='male', y='prevalentHyp')\n"
   ]
  },
  {
   "cell_type": "code",
   "execution_count": 11,
   "metadata": {},
   "outputs": [
    {
     "data": {
      "text/html": [
       "<div>\n",
       "<style scoped>\n",
       "    .dataframe tbody tr th:only-of-type {\n",
       "        vertical-align: middle;\n",
       "    }\n",
       "\n",
       "    .dataframe tbody tr th {\n",
       "        vertical-align: top;\n",
       "    }\n",
       "\n",
       "    .dataframe thead th {\n",
       "        text-align: right;\n",
       "    }\n",
       "</style>\n",
       "<table border=\"1\" class=\"dataframe\">\n",
       "  <thead>\n",
       "    <tr style=\"text-align: right;\">\n",
       "      <th></th>\n",
       "      <th>U-val</th>\n",
       "      <th>alternative</th>\n",
       "      <th>p-val</th>\n",
       "      <th>RBC</th>\n",
       "      <th>CLES</th>\n",
       "    </tr>\n",
       "  </thead>\n",
       "  <tbody>\n",
       "    <tr>\n",
       "      <th>MWU</th>\n",
       "      <td>4780399.0</td>\n",
       "      <td>two-sided</td>\n",
       "      <td>6.715785e-115</td>\n",
       "      <td>-0.279078</td>\n",
       "      <td>0.639539</td>\n",
       "    </tr>\n",
       "  </tbody>\n",
       "</table>\n",
       "</div>"
      ],
      "text/plain": [
       "         U-val alternative          p-val       RBC      CLES\n",
       "MWU  4780399.0   two-sided  6.715785e-115 -0.279078  0.639539"
      ]
     },
     "execution_count": 11,
     "metadata": {},
     "output_type": "execute_result"
    }
   ],
   "source": [
    "pg.mwu(x_train.male, y_train)"
   ]
  },
  {
   "cell_type": "code",
   "execution_count": 20,
   "metadata": {},
   "outputs": [
    {
     "data": {
      "text/html": [
       "<div>\n",
       "<style scoped>\n",
       "    .dataframe tbody tr th:only-of-type {\n",
       "        vertical-align: middle;\n",
       "    }\n",
       "\n",
       "    .dataframe tbody tr th {\n",
       "        vertical-align: top;\n",
       "    }\n",
       "\n",
       "    .dataframe thead th {\n",
       "        text-align: right;\n",
       "    }\n",
       "</style>\n",
       "<table border=\"1\" class=\"dataframe\">\n",
       "  <thead>\n",
       "    <tr style=\"text-align: right;\">\n",
       "      <th></th>\n",
       "      <th>names</th>\n",
       "      <th>coef</th>\n",
       "      <th>se</th>\n",
       "      <th>z</th>\n",
       "      <th>pval</th>\n",
       "      <th>CI[2.5%]</th>\n",
       "      <th>CI[97.5%]</th>\n",
       "    </tr>\n",
       "  </thead>\n",
       "  <tbody>\n",
       "    <tr>\n",
       "      <th>0</th>\n",
       "      <td>Intercept</td>\n",
       "      <td>-7.25</td>\n",
       "      <td>0.83</td>\n",
       "      <td>-8.71</td>\n",
       "      <td>0.00</td>\n",
       "      <td>-8.88</td>\n",
       "      <td>-5.62</td>\n",
       "    </tr>\n",
       "    <tr>\n",
       "      <th>1</th>\n",
       "      <td>male</td>\n",
       "      <td>0.33</td>\n",
       "      <td>0.13</td>\n",
       "      <td>2.58</td>\n",
       "      <td>0.01</td>\n",
       "      <td>0.08</td>\n",
       "      <td>0.58</td>\n",
       "    </tr>\n",
       "    <tr>\n",
       "      <th>2</th>\n",
       "      <td>age</td>\n",
       "      <td>0.07</td>\n",
       "      <td>0.01</td>\n",
       "      <td>8.90</td>\n",
       "      <td>0.00</td>\n",
       "      <td>0.06</td>\n",
       "      <td>0.09</td>\n",
       "    </tr>\n",
       "    <tr>\n",
       "      <th>3</th>\n",
       "      <td>education</td>\n",
       "      <td>-0.10</td>\n",
       "      <td>0.06</td>\n",
       "      <td>-1.59</td>\n",
       "      <td>0.11</td>\n",
       "      <td>-0.21</td>\n",
       "      <td>0.02</td>\n",
       "    </tr>\n",
       "    <tr>\n",
       "      <th>4</th>\n",
       "      <td>currentSmoker</td>\n",
       "      <td>-0.11</td>\n",
       "      <td>0.19</td>\n",
       "      <td>-0.62</td>\n",
       "      <td>0.54</td>\n",
       "      <td>-0.48</td>\n",
       "      <td>0.25</td>\n",
       "    </tr>\n",
       "    <tr>\n",
       "      <th>5</th>\n",
       "      <td>cigsPerDay</td>\n",
       "      <td>0.03</td>\n",
       "      <td>0.01</td>\n",
       "      <td>3.82</td>\n",
       "      <td>0.00</td>\n",
       "      <td>0.01</td>\n",
       "      <td>0.04</td>\n",
       "    </tr>\n",
       "    <tr>\n",
       "      <th>6</th>\n",
       "      <td>BPMeds</td>\n",
       "      <td>0.34</td>\n",
       "      <td>0.26</td>\n",
       "      <td>1.30</td>\n",
       "      <td>0.19</td>\n",
       "      <td>-0.17</td>\n",
       "      <td>0.85</td>\n",
       "    </tr>\n",
       "    <tr>\n",
       "      <th>7</th>\n",
       "      <td>prevalentStroke</td>\n",
       "      <td>1.06</td>\n",
       "      <td>0.53</td>\n",
       "      <td>2.01</td>\n",
       "      <td>0.04</td>\n",
       "      <td>0.03</td>\n",
       "      <td>2.09</td>\n",
       "    </tr>\n",
       "    <tr>\n",
       "      <th>8</th>\n",
       "      <td>prevalentHyp</td>\n",
       "      <td>0.46</td>\n",
       "      <td>0.16</td>\n",
       "      <td>2.84</td>\n",
       "      <td>0.00</td>\n",
       "      <td>0.14</td>\n",
       "      <td>0.77</td>\n",
       "    </tr>\n",
       "    <tr>\n",
       "      <th>9</th>\n",
       "      <td>diabetes</td>\n",
       "      <td>0.22</td>\n",
       "      <td>0.36</td>\n",
       "      <td>0.61</td>\n",
       "      <td>0.54</td>\n",
       "      <td>-0.49</td>\n",
       "      <td>0.93</td>\n",
       "    </tr>\n",
       "    <tr>\n",
       "      <th>10</th>\n",
       "      <td>totChol</td>\n",
       "      <td>-0.00</td>\n",
       "      <td>0.00</td>\n",
       "      <td>-0.43</td>\n",
       "      <td>0.66</td>\n",
       "      <td>-0.00</td>\n",
       "      <td>0.00</td>\n",
       "    </tr>\n",
       "    <tr>\n",
       "      <th>11</th>\n",
       "      <td>sysBP</td>\n",
       "      <td>0.01</td>\n",
       "      <td>0.00</td>\n",
       "      <td>1.45</td>\n",
       "      <td>0.15</td>\n",
       "      <td>-0.00</td>\n",
       "      <td>0.02</td>\n",
       "    </tr>\n",
       "    <tr>\n",
       "      <th>12</th>\n",
       "      <td>diaBP</td>\n",
       "      <td>0.00</td>\n",
       "      <td>0.01</td>\n",
       "      <td>0.47</td>\n",
       "      <td>0.64</td>\n",
       "      <td>-0.01</td>\n",
       "      <td>0.02</td>\n",
       "    </tr>\n",
       "    <tr>\n",
       "      <th>13</th>\n",
       "      <td>BMI</td>\n",
       "      <td>-0.00</td>\n",
       "      <td>0.01</td>\n",
       "      <td>-0.14</td>\n",
       "      <td>0.89</td>\n",
       "      <td>-0.03</td>\n",
       "      <td>0.03</td>\n",
       "    </tr>\n",
       "    <tr>\n",
       "      <th>14</th>\n",
       "      <td>heartRate</td>\n",
       "      <td>-0.00</td>\n",
       "      <td>0.00</td>\n",
       "      <td>-0.20</td>\n",
       "      <td>0.84</td>\n",
       "      <td>-0.01</td>\n",
       "      <td>0.01</td>\n",
       "    </tr>\n",
       "    <tr>\n",
       "      <th>15</th>\n",
       "      <td>glucose</td>\n",
       "      <td>0.01</td>\n",
       "      <td>0.00</td>\n",
       "      <td>2.43</td>\n",
       "      <td>0.02</td>\n",
       "      <td>0.00</td>\n",
       "      <td>0.01</td>\n",
       "    </tr>\n",
       "  </tbody>\n",
       "</table>\n",
       "</div>"
      ],
      "text/plain": [
       "              names  coef    se     z  pval  CI[2.5%]  CI[97.5%]\n",
       "0         Intercept -7.25  0.83 -8.71  0.00     -8.88      -5.62\n",
       "1              male  0.33  0.13  2.58  0.01      0.08       0.58\n",
       "2               age  0.07  0.01  8.90  0.00      0.06       0.09\n",
       "3         education -0.10  0.06 -1.59  0.11     -0.21       0.02\n",
       "4     currentSmoker -0.11  0.19 -0.62  0.54     -0.48       0.25\n",
       "5        cigsPerDay  0.03  0.01  3.82  0.00      0.01       0.04\n",
       "6            BPMeds  0.34  0.26  1.30  0.19     -0.17       0.85\n",
       "7   prevalentStroke  1.06  0.53  2.01  0.04      0.03       2.09\n",
       "8      prevalentHyp  0.46  0.16  2.84  0.00      0.14       0.77\n",
       "9          diabetes  0.22  0.36  0.61  0.54     -0.49       0.93\n",
       "10          totChol -0.00  0.00 -0.43  0.66     -0.00       0.00\n",
       "11            sysBP  0.01  0.00  1.45  0.15     -0.00       0.02\n",
       "12            diaBP  0.00  0.01  0.47  0.64     -0.01       0.02\n",
       "13              BMI -0.00  0.01 -0.14  0.89     -0.03       0.03\n",
       "14        heartRate -0.00  0.00 -0.20  0.84     -0.01       0.01\n",
       "15          glucose  0.01  0.00  2.43  0.02      0.00       0.01"
      ]
     },
     "execution_count": 20,
     "metadata": {},
     "output_type": "execute_result"
    }
   ],
   "source": [
    "## Regression Analysis\n",
    "lg = pg.logistic_regression(x_train,y_train)\n",
    "lg.round(2)"
   ]
  },
  {
   "cell_type": "code",
   "execution_count": 14,
